The results for General Type-2 are as follows: purity check error rate=4.6667

confusion_matrix =

    50     0     0
     0    48     5
     0     2    45


V_gt2 =

    5.8374    2.9335    3.9145    1.2754
    5.9325    2.8447    4.2661    1.3558
    5.3765    3.2118    2.4758    0.6709


U_gt2 =

  Columns 1 through 18

    0.2482    0.2819    0.2804    0.2846    0.2531    0.2711    0.2759    0.2445    0.2900    0.2798    0.2629    0.2671    0.2840    0.2898    0.2813    0.2869    0.2702    0.2478
    0.0964    0.1285    0.1256    0.1422    0.1070    0.1865    0.1315    0.0724    0.1766    0.1170    0.1543    0.1060    0.1360    0.1827    0.2096    0.2324    0.1754    0.0976
    0.6554    0.5896    0.5940    0.5732    0.6399    0.5424    0.5926    0.6831    0.5335    0.6032    0.5828    0.6269    0.5800    0.5275    0.5090    0.4807    0.5544    0.6546

  Columns 19 through 36

    0.2765    0.2601    0.2637    0.2571    0.2779    0.2646    0.2733    0.2788    0.2549    0.2498    0.2522    0.2803    0.2815    0.2618    0.2729    0.2787    0.2798    0.2720
    0.2042    0.1418    0.1505    0.1325    0.1591    0.1347    0.1508    0.1330    0.1022    0.1081    0.1034    0.1260    0.1250    0.1436    0.1823    0.2036    0.1170    0.1178
    0.5193    0.5981    0.5857    0.6104    0.5630    0.6007    0.5759    0.5882    0.6429    0.6421    0.6443    0.5936    0.5935    0.5945    0.5448    0.5177    0.6032    0.6102

  Columns 37 through 54

    0.2663    0.2798    0.2884    0.2444    0.2554    0.2969    0.2852    0.2636    0.2701    0.2834    0.2611    0.2822    0.2595    0.2611    0.3675    0.3265    0.3858    0.3131
    0.1556    0.1170    0.1700    0.0829    0.1037    0.2194    0.1604    0.1390    0.1785    0.1346    0.1450    0.1345    0.1430    0.0824    0.4082    0.4926    0.3865    0.4853
    0.5781    0.6032    0.5416    0.6728    0.6410    0.4837    0.5544    0.5974    0.5513    0.5820    0.5940    0.5833    0.5976    0.6565    0.2243    0.1808    0.2277    0.2015

  Columns 55 through 72

    0.3427    0.2941    0.3592    0.3109    0.3411    0.3118    0.3168    0.2894    0.3169    0.2246    0.3043    0.3418    0.3101    0.2947    0.3441    0.3027    0.3758    0.2965
    0.4781    0.5591    0.4502    0.3841    0.4707    0.4702    0.3997    0.5594    0.4772    0.6284    0.4689    0.4603    0.5292    0.5328    0.4724    0.4964    0.4372    0.5361
    0.1792    0.1468    0.1906    0.3050    0.1882    0.2180    0.2835    0.1512    0.2059    0.1470    0.2268    0.1979    0.1607    0.1724    0.1836    0.2009    0.1870    0.1674

  Columns 73 through 90

    0.3938    0.2917    0.3037    0.3317    0.3786    0.4234    0.2352    0.3057    0.3077    0.3080    0.2942    0.4308    0.3221    0.3295    0.3725    0.3303    0.2956    0.3052
    0.4187    0.5506    0.5265    0.4813    0.4106    0.3428    0.6276    0.4474    0.4715    0.4563    0.5273    0.3776    0.5009    0.4884    0.4212    0.4887    0.5356    0.5051
    0.1875    0.1577    0.1698    0.1870    0.2109    0.2338    0.1372    0.2469    0.2208    0.2357    0.1785    0.1917    0.1770    0.1821    0.2063    0.1811    0.1689    0.1897

  Columns 91 through 108

    0.3087    0.2315    0.2942    0.3113    0.2927    0.2909    0.2856    0.2815    0.3075    0.2839    0.3858    0.4136    0.3853    0.4192    0.3982    0.3708    0.3387    0.3767
    0.5219    0.6229    0.5368    0.3885    0.5550    0.5509    0.5701    0.5653    0.3665    0.5712    0.3529    0.3848    0.3482    0.3229    0.3346    0.3608    0.4425    0.3591
    0.1693    0.1455    0.1690    0.3002    0.1523    0.1582    0.1443    0.1531    0.3260    0.1450    0.2614    0.2016    0.2665    0.2580    0.2672    0.2684    0.2188    0.2643

  Columns 109 through 126

    0.3963    0.3745    0.4268    0.4472    0.4013    0.3911    0.3991    0.4090    0.4180    0.3657    0.3680    0.3760    0.3891    0.3817    0.3693    0.4964    0.3932    0.3801
    0.3482    0.3575    0.3220    0.3042    0.3255    0.4070    0.3769    0.3330    0.3067    0.3620    0.3623    0.4278    0.3428    0.4218    0.3623    0.3106    0.3375    0.3553
    0.2555    0.2681    0.2512    0.2486    0.2731    0.2019    0.2240    0.2580    0.2753    0.2723    0.2698    0.1962    0.2681    0.1965    0.2684    0.1930    0.2693    0.2646

  Columns 127 through 144

    0.4740    0.4729    0.4128    0.3827    0.3779    0.3652    0.4097    0.4558    0.3990    0.3730    0.3930    0.4187    0.3999    0.3981    0.3949    0.3967    0.4136    0.3875
    0.3474    0.3397    0.3227    0.3570    0.3583    0.3632    0.3273    0.3420    0.3741    0.3597    0.3485    0.3134    0.4218    0.3331    0.3380    0.3473    0.3848    0.3449
    0.1786    0.1874    0.2645    0.2603    0.2638    0.2716    0.2629    0.2022    0.2269    0.2673    0.2584    0.2679    0.1782    0.2688    0.2671    0.2560    0.2016    0.2676

  Columns 145 through 150

    0.3882    0.4073    0.4410    0.4388    0.3990    0.4300
    0.3465    0.3325    0.3492    0.2930    0.3496    0.3682
    0.2653    0.2602    0.2098    0.2683    0.2514    0.2019


The above U_gt2 and V_gt2 are to be used for plotting later.
